# Анализ закона Ципфа
# Всего токенов: 2148231
# Уникальных токенов: 176907
# Константа C (Ципф): 65514.81
# Параметры Мандельброта: a=0.9625, b=2.9797, C=165737.43

Ранг	Токен	Частота	Закон_Ципфа	Относит_ошибка,%
1	160	39493	65514.81	65.89
2	91	36263	32757.41	9.67
3	93	36219	21838.27	39.70
4	ve	35666	16378.70	54.08
5	bir	22149	13102.96	40.84
6	tarihinde	15858	10919.14	31.14
7	mw-parser-output	15079	9359.26	37.93
8	arşivlendi	14579	8189.35	43.83
9	tarihi	12738	7279.42	42.85
10	kaynağından	12653	6551.48	48.22
11	erişim	11912	5955.89	50.00
12	bu	11446	5459.57	52.30
13	1	10222	5039.60	50.70
14	değiştir	10163	4679.63	53.95
15	the	9554	4367.65	54.28
16	a	9491	4094.68	56.86
17	ile	8874	3853.81	56.57
18	da	8714	3639.71	58.23
19	de	8532	3448.15	59.59
20	olarak	8097	3275.74	59.54
21	2	8078	3119.75	61.38
22	s	7507	2977.95	60.33
23	0	7336	2848.47	61.17
24	of	6770	2729.78	59.68
25	3	6648	2620.59	60.58
26	b	6437	2519.80	60.85
27	için	6370	2426.47	61.91
28	em	5732	2339.81	59.18
29	4	5270	2259.13	57.13
30	kaynağı	5213	2183.83	58.11
31	olan	4953	2113.38	57.33
32	daha	4484	2047.34	54.34
33	mayıs	4462	1985.30	55.51
34	İngilizce	4334	1926.91	55.54
35	tarafından	4271	1871.85	56.17
36	5	4238	1819.86	57.06
37	en	4113	1770.67	56.95
38	ekim	4021	1724.07	57.12
39	ise	3984	1679.87	57.83
40	ağustos	3984	1637.87	58.89
41	haziran	3912	1597.92	59.15
42	and	3884	1559.88	59.84
43	in	3820	1523.60	60.12
44	2014	3749	1488.97	60.28
45	temmuz	3724	1455.88	60.91
46	aralık	3667	1424.24	61.16
47	ilk	3612	1393.93	61.41
48	32	3595	1364.89	62.03
49	kasım	3589	1337.04	62.75
50	mart	3583	1310.30	63.43
51	6	3555	1284.60	63.86
52	7	3524	1259.90	64.25
53	8	3499	1236.13	64.67
54	ocak	3477	1213.24	65.11
55	2015	3454	1191.18	65.51
56	Şubat	3362	1169.91	65.20
57	2008	3344	1149.38	65.63
58	9	3334	1129.57	66.12
59	2013	3329	1110.42	66.64
60	c	3313	1091.91	67.04
61	eylül	3281	1074.01	67.27
62	·	3281	1056.69	67.79
63	10	3227	1039.92	67.77
64	sonra	3215	1023.67	68.16
65	nisan	3194	1007.92	68.44
66	12	3043	992.65	67.38
67	gibi	3023	977.83	67.65
68	yer	2915	963.45	66.95
69	d	2877	949.49	67.00
70	2012	2852	935.93	67.18
71	iki	2768	922.74	66.66
72	11	2720	909.93	66.55
73	font-size	2665	897.46	66.32
74	2020	2634	885.34	66.39
75	e	2630	873.53	66.79
76	isbn	2629	862.04	67.21
77	2007	2605	850.84	67.34
78	14	2591	839.93	67.58
79	2011	2525	829.30	67.16
80	list-style-type	2472	818.94	66.87
81	20	2447	808.82	66.95
82	13	2435	798.96	67.19
83	25	2416	789.34	67.33
84	15	2407	779.94	67.60
85	–	2376	770.76	67.56
86	osmanlı	2373	761.80	67.90
87	kadar	2355	753.04	68.02
88	30	2352	744.49	68.35
89	19	2339	736.12	68.53
90	yılında	2315	727.94	68.56
91	ss	2308	719.94	68.81
92	çok	2288	712.12	68.88
93	büyük	2272	704.46	68.99
94	100	2250	696.97	69.02
95	2016	2235	689.63	69.14
96	2009	2224	682.45	69.31
97	com	2202	675.41	69.33
98	17	2170	668.52	69.19
99	21	2161	661.77	69.38
100	göre	2149	655.15	69.51
101	16	2148	648.66	69.80
102	22	2130	642.30	69.84
103	23	2122	636.07	70.03
104	18	2114	629.95	70.20
105	arasında	2105	623.95	70.36
106	2010	2089	618.06	70.41
107	24	2078	612.29	70.53
108	ya	2073	606.62	70.74
109	28	2049	601.05	70.67
110	diğer	2042	595.59	70.83
111	i	2017	590.22	70.74
112	amp	2003	584.95	70.80
113	yeni	2002	579.78	71.04
114	26	1991	574.69	71.14
115	sitesinde	1983	569.69	71.27
116	27	1980	564.78	71.48
117	2018	1968	559.96	71.55
118	29	1966	555.21	71.76
119	g	1892	550.54	70.90
120	m	1888	545.96	71.08
121	te	1886	541.44	71.29
122	olduğu	1884	537.01	71.50
123	machine	1854	532.64	71.27
124	wayback	1840	528.35	71.29
125	2006	1829	524.12	71.34
126	ancak	1815	519.96	71.35
127	her	1789	515.86	71.16
128	pdf	1766	511.83	71.02
129	reflist-columns	1765	507.87	71.23
130	2017	1746	503.96	71.14
131	x	1745	500.11	71.34
132	aynı	1739	496.32	71.46
133	oldu	1738	492.59	71.66
134	birlikte	1734	488.92	71.80
135	dünya	1713	485.29	71.67
136	türk	1711	481.73	71.85
137	İstanbul	1711	478.21	72.05
138	on	1679	474.75	71.72
139	türkiye	1655	471.33	71.52
140	2019	1647	467.96	71.59
141	j	1647	464.64	71.79
142	px	1638	461.37	71.83
143	none	1595	458.15	71.28
144	navbar	1593	454.96	71.44
145	to	1532	451.83	70.51
146	olduğunu	1500	448.73	70.08
147	body	1492	445.68	70.13
148	li	1471	442.67	69.91
149	doi	1465	439.70	69.99
150	ardından	1458	436.77	70.04
151	ayrıca	1456	433.87	70.20
152	alan	1435	431.02	69.96
153	display	1422	428.20	69.89
154	etti	1406	425.42	69.74
155	2022	1406	422.68	69.94
156	f	1401	419.97	70.02
157	new	1397	417.29	70.13
158	avrupa	1396	414.65	70.30
159	veya	1394	412.04	70.44
160	son	1364	409.47	69.98
161	margin	1359	406.92	70.06
162	31	1344	404.41	69.91
163	t	1314	401.93	69.41
164	text-align	1308	399.48	69.46
165	karşı	1298	397.06	69.41
166	2005	1296	394.67	69.55
167	2021	1291	392.30	69.61
168	yıl	1284	389.97	69.63
169	left	1269	387.66	69.45
170	yapılan	1268	385.38	69.61
171	bazı	1264	383.13	69.69
172	2023	1243	380.90	69.36
173	padding	1232	378.70	69.26
174	skin-minerva	1231	376.52	69.41
175	2004	1226	374.37	69.46
176	fazla	1209	372.24	69.21
177	o	1203	370.14	69.23
178	ana	1162	368.06	68.33
179	önce	1137	366.00	67.81
180	şekilde	1132	363.97	67.85
181	ii	1127	361.96	67.88
182	zaman	1126	359.97	68.03
183	media	1114	358.00	67.86
184	for	1113	356.06	68.01
185	978	1099	354.13	67.78
186	üzerine	1088	352.23	67.63
187	tüm	1070	350.35	67.26
188	press	1066	348.48	67.31
189	n	1063	346.64	67.39
190	reflist	1059	344.81	67.44
191	üç	1058	343.01	67.58
192	p	1055	341.22	67.66
193	sahip	1052	339.45	67.73
194	üzere	1037	337.71	67.43
195	nin	1036	335.97	67.57
196	kimya	1032	334.26	67.61
197	farklı	1030	332.56	67.71
198	float	1030	330.88	67.88
199	birçok	1009	329.22	67.37
200	hem	1009	327.57	67.53
201	içinde	1001	325.94	67.44
202	kabul	1000	324.33	67.57
203	2002	1000	322.73	67.73
204	aldı	992	321.15	67.63
205	bulunan	984	319.58	67.52
206	inherit	983	318.03	67.65
207	ortaya	981	316.50	67.74
208	gelen	968	314.98	67.46
209	genel	965	313.47	67.52
210	birleşik	958	311.98	67.43
211	ikinci	946	310.50	67.18
212	2003	946	309.03	67.33
213	•	945	307.58	67.45
214	nın	938	306.14	67.36
215	2000	937	304.72	67.48
216	tek	935	303.31	67.56
217	90	928	301.91	67.47
218	ul	920	300.53	67.33
219	önemli	904	299.15	66.91
220	eden	898	297.79	66.84
221	devam	898	296.45	66.99
222	film	896	295.11	67.06
223	eski	894	293.79	67.14
224	center	894	292.48	67.28
225	üzerinde	883	291.18	67.02
226	h	882	289.89	67.13
227	v	881	288.61	67.24
228	kendi	880	287.35	67.35
229	küçük	879	286.09	67.45
230	l	876	284.85	67.48
231	margin-bottom	874	283.61	67.55
232	kez	871	282.39	67.58
233	beşiktaş	871	281.18	67.72
234	ın	868	279.98	67.74
235	takım	866	278.79	67.81
236	tr	865	277.61	67.91
237	çeşitli	863	276.43	67.97
238	ol	863	275.27	68.10
239	r	857	274.12	68.01
240	başladı	855	272.98	68.07
241	ilgili	844	271.85	67.79
242	adlı	841	270.72	67.81
243	margin-top	835	269.61	67.71
244	nedeniyle	834	268.50	67.81
245	2001	826	267.41	67.63
246	ne	825	266.32	67.72
247	bin	822	265.24	67.73
248	0.5	819	264.17	67.74
249	adı	815	263.11	67.72
250	biri	814	262.06	67.81
251	2024	807	261.02	67.66
252	gol	806	259.98	67.74
253	yüksek	805	258.95	67.83
254	savaş	804	257.93	67.92
255	listesi	804	256.92	68.04
256	york	803	255.92	68.13
257	olmak	800	254.92	68.13
258	gün	795	253.93	68.06
259	boyunca	792	252.95	68.06
260	un	791	251.98	68.14
261	birliği	790	251.01	68.23
262	kupası	787	250.06	68.23
263	deniz	779	249.11	68.02
264	edildi	774	248.16	67.94
265	fifa	773	247.23	68.02
266	yaklaşık	772	246.30	68.10
267	müzesi	759	245.37	67.67
268	devlet	757	244.46	67.71
269	edilen	748	243.55	67.44
270	savaşı	746	242.65	67.47
271	geri	742	241.75	67.42
272	sırasında	741	240.86	67.49
273	k	740	239.98	67.57
274	john	739	239.11	67.64
275	futbol	738	238.24	67.72
276	line-height	737	237.37	67.79
277	ankara	732	236.52	67.69
278	iyi	727	235.66	67.58
279	doğru	721	234.82	67.43
280	column-width	719	233.98	67.46
281	kuzey	716	233.15	67.44
282	2025	716	232.32	67.55
283	dört	713	231.50	67.53
284	0.125	711	230.69	67.55
285	doğu	710	229.88	67.62
286	university	706	229.07	67.55
287	resmî	704	228.27	67.57
288	bunun	701	227.48	67.55
289	yerine	701	226.69	67.66
290	hlist	700	225.91	67.73
291	important	698	225.14	67.75
292	modern	696	224.37	67.76
293	anadolu	693	223.60	67.73
294	batı	692	222.84	67.80
295	başka	688	222.08	67.72
296	not	688	221.33	67.83
297	uzun	683	220.59	67.70
298	yeniden	682	219.85	67.76
299	elde	680	219.11	67.78
300	kimyasal	676	218.38	67.69
301	40	673	217.66	67.66
302	1999	671	216.94	67.67
303	madde	670	216.22	67.73
304	lig	665	215.51	67.59
305	yaptığı	662	214.80	67.55
306	arasındaki	657	214.10	67.41
307	114	653	213.40	67.32
308	çıktı	650	212.71	67.28
309	world	650	212.02	67.38
310	ali	648	211.34	67.39
311	88	647	210.66	67.44
312	samsunspor	647	209.98	67.55
313	tarih	644	209.31	67.50
314	olması	643	208.65	67.55
315	amerika	641	207.98	67.55
316	milyon	639	207.33	67.55
317	50	639	206.67	67.66
318	su	629	206.02	67.25
319	1998	627	205.38	67.24
320	margin-right	626	204.73	67.29
321	sezon	625	204.10	67.34
322	yol	623	203.46	67.34
323	saat	621	202.83	67.34
324	rağmen	621	202.21	67.44
325	u	619	201.58	67.43
326	sonrasında	618	200.97	67.48
327	bbc	613	200.35	67.32
328	bilim	613	199.74	67.42
329	İlk	609	199.13	67.30
330	çıkan	608	198.53	67.35
331	hakkında	606	197.93	67.34
332	az	603	197.33	67.27
333	david	601	196.74	67.26
334	oluşan	600	196.15	67.31
335	yazar	600	195.57	67.41
336	1997	599	194.98	67.45
337	İmparatorluğu	596	194.41	67.38
338	toplam	593	193.83	67.31
339	verdi	589	193.26	67.19
340	süre	589	192.69	67.29
341	ait	589	192.13	67.38
342	yaptı	588	191.56	67.42
343	tekrar	588	191.01	67.52
344	vardır	588	190.45	67.61
345	orta	587	189.90	67.65
346	uluslararası	586	189.35	67.69
347	var	580	188.80	67.45
348	content	580	188.26	67.54
349	infobox	579	187.72	67.58
350	1995	578	187.19	67.62
351	kısa	578	186.65	67.71
352	history	574	186.12	67.57
353	dönemde	573	185.59	67.61
354	hakem	572	185.07	67.65
355	güney	570	184.55	67.62
356	yardımcı	570	184.03	67.71
357	fakat	569	183.51	67.75
358	maç	569	183.00	67.84
359	İyi	567	182.49	67.81
360	1.	565	181.99	67.79
361	dış	565	181.48	67.88
362	nasreddin	559	180.98	67.62
363	kişi	556	180.48	67.54
364	1990	555	179.99	67.57
365	bağlı	553	179.49	67.54
366	galatasaray	553	179.00	67.63
367	after	552	178.51	67.66
368	temel	549	178.03	67.57
369	eder	549	177.55	67.66
370	45	549	177.07	67.75
371	inşa	548	176.59	67.78
372	roma	547	176.12	67.80
373	kimyası	547	175.64	67.89
374	millî	545	175.17	67.86
375	34	543	174.71	67.83
376	sıra	541	174.24	67.79
377	zamanda	538	173.78	67.70
378	fransızca	537	173.32	67.72
379	kazandı	536	172.86	67.75
380	altında	536	172.41	67.83
381	yayınları	536	171.95	67.92
382	ifade	534	171.50	67.88
383	screen	531	171.06	67.79
384	alt	529	170.61	67.75
385	36	529	170.17	67.83
386	dan	526	169.73	67.73
387	min-width	526	169.29	67.82
388	pmid	526	168.85	67.90
389	kara	524	168.42	67.86
390	dair	523	167.99	67.88
391	üst	522	167.56	67.90
392	bulunur	522	167.13	67.98
393	width	521	166.70	68.00
394	sadece	520	166.28	68.02
395	birkaç	520	165.86	68.10
396	den	517	165.44	68.00
397	0.4	516	165.02	68.02
398	michael	515	164.61	68.04
399	org	514	164.20	68.05
400	is	514	163.79	68.13
401	beyaz	512	163.38	68.09
402	ele	509	162.97	67.98
403	kadın	509	162.57	68.06
404	hava	508	162.17	68.08
405	tam	506	161.76	68.03
406	journal	506	161.37	68.11
407	süper	506	160.97	68.19
408	almanya	505	160.58	68.20
409	2.	504	160.18	68.22
410	nde	504	159.79	68.30
411	özellikle	503	159.40	68.31
412	from	500	159.02	68.20
413	benzer	497	158.63	68.08
414	teknik	496	158.25	68.10
415	aldığı	496	157.87	68.17
416	news	496	157.49	68.25
417	filmin	496	157.11	68.32
418	clear	495	156.73	68.34
419	at	494	156.36	68.35
420	milliyet	492	155.99	68.30
421	paşa	491	155.62	68.31
422	nda	490	155.25	68.32
423	right	490	154.88	68.39
424	margin-left	490	154.52	68.47
425	sonucu	489	154.15	68.48
426	Üniversitesi	488	153.79	68.49
427	stadyumu	487	153.43	68.49
428	tür	487	153.07	68.57
429	35	487	152.72	68.64
430	yalnızca	486	152.36	68.65
431	38	483	152.01	68.53
432	neden	483	151.65	68.60
433	ulusal	481	151.30	68.54
434	birinci	479	150.96	68.49
435	oyuncu	478	150.61	68.49
436	grup	477	150.26	68.50
437	beş	477	149.92	68.57
438	kültür	477	149.58	68.64
439	ed	477	149.24	68.71
440	mÖ	477	148.90	68.78
441	yaşam	476	148.56	68.79
442	onun	475	148.22	68.80
443	normal	475	147.89	68.87
444	top	475	147.56	68.94
445	verilen	474	147.22	68.94
446	müzik	474	146.89	69.01
447	word-spacing	474	146.57	69.08
448	navbar-brackets	474	146.24	69.15
449	sonraki	473	145.91	69.15
450	sultan	473	145.59	69.22
451	dördüncü	472	145.27	69.22
452	1996	472	144.94	69.29
453	33	472	144.62	69.36
454	plainlist	472	144.31	69.43
455	with	472	143.99	69.49
456	60	471	143.67	69.50
457	altı	470	143.36	69.50
458	kırmızı	470	143.05	69.56
459	sonunda	468	142.73	69.50
460	herhangi	467	142.42	69.50
461	erkek	467	142.11	69.57
462	rusya	466	141.81	69.57
463	buna	465	141.50	69.57
464	yakın	465	141.20	69.64
465	yine	462	140.89	69.50
466	science	462	140.59	69.57
467	alır	461	140.29	69.57
468	dışında	459	139.99	69.50
469	times	459	139.69	69.57
470	2008.	459	139.39	69.63
471	37	458	139.10	69.63
472	w	458	138.80	69.69
473	sırada	457	138.51	69.69
474	before	457	138.22	69.76
475	olmuştur	455	137.93	69.69
476	0.3	455	137.64	69.75
477	biyoloji	452	137.35	69.61
478	font-weight	451	137.06	69.61
479	39	449	136.77	69.54
480	geldi	448	136.49	69.53
481	olup	447	136.21	69.53
482	42	447	135.92	69.59
483	genellikle	445	135.64	69.52
484	halk	445	135.36	69.58
485	8239	445	135.08	69.64
486	iç	443	134.80	69.57
487	2014.	443	134.53	69.63
488	sistemi	442	134.25	69.63
489	1994	441	133.98	69.62
490	alman	440	133.70	69.61
491	üçüncü	439	133.43	69.61
492	kalan	439	133.16	69.67
493	yok	439	132.89	69.73
494	1988	438	132.62	69.72
495	bulunduğu	435	132.35	69.57
496	tarihli	435	132.09	69.64
497	44	435	131.82	69.70
498	1993	433	131.56	69.62
499	sonucunda	432	131.29	69.61
500	ama	431	131.03	69.60
501	41	431	130.77	69.66
502	cilt	430	130.51	69.65
503	itibaren	429	130.25	69.64
504	yapan	429	129.99	69.70
505	birden	429	129.73	69.76
506	kullanılan	428	129.48	69.75
507	İki	427	129.22	69.74
508	avoid	427	128.97	69.80
509	background-color	426	128.71	69.79
510	53	426	128.46	69.84
511	döneminde	426	128.21	69.90
512	page-break-inside	426	127.96	69.96
513	break-inside	426	127.71	70.02
514	avoid-column	426	127.46	70.08
515	bibcode	425	127.21	70.07
516	sayfa	424	126.97	70.06
517	abd	423	126.72	70.04
518	türkiye'de	423	126.48	70.10
519	cumhuriyeti	423	126.23	70.16
520	güneş	423	125.99	70.22
521	doğal	421	125.75	70.13
522	henry	421	125.51	70.19
523	daki	420	125.27	70.17
524	tmulti	420	125.03	70.23
525	maçta	419	124.79	70.22
526	altın	418	124.55	70.20
527	merkezi	417	124.32	70.19
528	maçında	416	124.08	70.17
529	karar	415	123.85	70.16
530	hürriyet	415	123.61	70.21
531	43	412	123.38	70.05
532	oynanan	411	123.15	70.04
533	48	411	122.92	70.09
534	amacıyla	410	122.69	70.08
535	la	409	122.46	70.06
536	kaldı	409	122.23	70.12
537	maçı	408	122.00	70.10
538	sayı	408	121.77	70.15
539	adını	407	121.55	70.14
540	ettiği	406	121.32	70.12
541	1992	406	121.10	70.17
542	inline	405	120.88	70.15
543	sovyet	405	120.65	70.21
544	devletleri	404	120.43	70.19
545	enerji	403	120.21	70.17
546	fransa	403	119.99	70.23
547	londra	403	119.77	70.28
548	sosyal	402	119.55	70.26
549	an	400	119.33	70.17
550	yavuz	400	119.12	70.22
551	değil	399	118.90	70.20
552	issn	399	118.69	70.25
553	olmayan	399	118.47	70.31
554	bilinen	398	118.26	70.29
555	dönem	397	118.04	70.27
556	lost	396	117.83	70.24
557	samsun	395	117.62	70.22
558	williams	394	117.41	70.20
559	atatürk	393	117.20	70.18
560	günü	393	116.99	70.23
561	hoca	392	116.78	70.21
562	1991	391	116.57	70.19
563	dahil	389	116.37	70.09
564	vardı	389	116.16	70.14
565	james	389	115.96	70.19
566	54	388	115.75	70.17
567	49	387	115.55	70.14
568	by	387	115.34	70.20
569	stadyum	385	115.14	70.09
570	eğitim	385	114.94	70.15
571	rooney	385	114.74	70.20
572	sayısı	384	114.54	70.17
573	yaşayan	384	114.34	70.22
574	meydana	384	114.14	70.28
575	link	384	113.94	70.33
576	rapor	383	113.74	70.30
577	3.	382	113.54	70.28
578	55	381	113.35	70.25
579	2013.	381	113.15	70.30
580	günümüzde	380	112.96	70.27
581	51	380	112.76	70.33
582	birer	379	112.57	70.30
583	sebebiyle	379	112.38	70.35
584	robert	379	112.18	70.40
585	yılın	378	111.99	70.37
586	46	378	111.80	70.42
587	sanat	377	111.61	70.40
588	idi	377	111.42	70.45
589	mustafa	377	111.23	70.50
590	yanı	376	111.04	70.47
591	turan	376	110.85	70.52
592	2016.	375	110.67	70.49
593	ligi	374	110.48	70.46
594	sidebar	374	110.29	70.51
595	İkinci	373	110.11	70.48
596	58	373	109.92	70.53
597	bakınız	373	109.74	70.58
598	html	373	109.56	70.63
599	rus	373	109.37	70.68
600	öne	372	109.19	70.65
601	1974	371	109.01	70.62
602	dönemi	371	108.83	70.67
603	cumhuriyet	370	108.65	70.64
604	oyun	369	108.47	70.60
605	kaynak	368	108.29	70.57
606	ad	368	108.11	70.62
607	uefa	367	107.93	70.59
608	47	365	107.75	70.48
609	yapıldı	365	107.58	70.53
610	auto	364	107.40	70.49
611	devleti	363	107.23	70.46
612	yapı	362	107.05	70.43
613	yılları	361	106.88	70.39
614	70	361	106.70	70.44
615	arda	361	106.53	70.49
616	kulesi	361	106.36	70.54
617	67	360	106.18	70.50
618	border	360	106.01	70.55
619	geniş	359	105.84	70.52
620	hemen	358	105.67	70.48
621	yanında	358	105.50	70.53
622	kaynakça	358	105.33	70.58
623	oldukça	357	105.16	70.54
624	belirtti	357	104.99	70.59
625	genç	356	104.82	70.56
626	muharebesi	356	104.66	70.60
627	80	356	104.49	70.65
628	no	356	104.32	70.70
629	içerisinde	355	104.16	70.66
630	references	355	103.99	70.71
631	konusunda	353	103.83	70.59
632	63	353	103.66	70.63
633	decimal	353	103.50	70.68
634	reflist-upper-alpha	353	103.34	70.73
635	upper-alpha	353	103.17	70.77
636	reflist-upper-roman	353	103.01	70.82
637	upper-roman	353	102.85	70.86
638	reflist-lower-alpha	353	102.69	70.91
639	lower-alpha	353	102.53	70.96
640	reflist-lower-greek	353	102.37	71.00
641	lower-greek	353	102.21	71.05
642	reflist-lower-roman	353	102.05	71.09
643	lower-roman	353	101.89	71.14
644	dolayı	352	101.73	71.10
645	fransız	351	101.57	71.06
646	52	350	101.42	71.02
647	hiçbir	349	101.26	70.99
648	hafta	348	101.10	70.95
649	açık	348	100.95	70.99
650	geçen	348	100.79	71.04
651	spor	347	100.64	71.00
652	1950	347	100.48	71.04
653	şeklinde	346	100.33	71.00
654	İngiliz	345	100.18	70.96
655	ay	345	100.02	71.01
656	56	345	99.87	71.05
657	0.9	345	99.72	71.10
658	batman	345	99.57	71.14
659	özel	344	99.42	71.10
660	57	343	99.26	71.06
661	sona	343	99.11	71.10
662	na	343	98.96	71.15
663	kısmı	342	98.82	71.11
664	yunan	342	98.67	71.15
665	gerçek	342	98.52	71.19
666	isimli	342	98.37	71.24
667	ön	341	98.22	71.20
668	adet	341	98.08	71.24
669	kıbrıs	340	97.93	71.20
670	krallık	339	97.78	71.16
671	yıldız	339	97.64	71.20
672	Ödülü	339	97.49	71.24
673	siyasi	338	97.35	71.20
674	durum	338	97.20	71.24
675	önceki	338	97.06	71.28
676	yılı	338	96.92	71.33
677	65	338	96.77	71.37
678	life	338	96.63	71.41
679	sport	338	96.49	71.45
680	durant	338	96.35	71.50
681	deki	337	96.20	71.45
682	bilgi	337	96.06	71.49
683	askerî	336	95.92	71.45
684	minogue	336	95.78	71.49
685	nun	335	95.64	71.45
686	gelir	335	95.50	71.49
687	bakım	335	95.36	71.53
688	arsenal	335	95.23	71.57
689	başkanı	334	95.09	71.53
690	söyledi	334	94.95	71.57
691	1964	332	94.81	71.44
692	59	332	94.67	71.48
693	66	332	94.54	71.52
694	kylie	332	94.40	71.57
695	iddia	331	94.27	71.52
696	yardım	329	94.13	71.39
697	united	329	94.00	71.43
698	rothen	329	93.86	71.47
699	hareket	328	93.73	71.42
700	sezonunda	328	93.59	71.47
701	uygun	327	93.46	71.42
702	onu	327	93.33	71.46
703	yüzyılda	327	93.19	71.50
704	albüm	327	93.06	71.54
705	ye	326	92.93	71.49
706	yıllık	326	92.80	71.53
707	1989	326	92.67	71.57
708	2012.	326	92.54	71.62
709	83	325	92.40	71.57
710	75	325	92.27	71.61
711	62	324	92.14	71.56
712	review	324	92.02	71.60
713	1970	322	91.89	71.46
714	olsa	322	91.76	71.50
715	insan	321	91.63	71.46
716	böylece	321	91.50	71.49
717	içeren	321	91.37	71.53
718	dergisi	321	91.25	71.57
719	ekonomik	321	91.12	71.61
720	ağır	320	90.99	71.56
721	adıyla	319	90.87	71.52
722	fiziksel	319	90.74	71.55
723	ortak	318	90.62	71.50
724	alanı	318	90.49	71.54
725	oxford	317	90.37	71.49
726	burada	316	90.24	71.44
727	el	316	90.12	71.48
728	61	316	89.99	71.52
729	sarı	316	89.87	71.56
730	ötürü	313	89.75	71.33
731	sahiptir	313	89.62	71.37
732	y	312	89.50	71.31
733	bilimi	311	89.38	71.26
734	donanması	311	89.26	71.30
735	etmek	310	89.14	71.25
736	Örneğin	310	89.01	71.29
737	antlaşması	310	88.89	71.32
738	sonrası	309	88.77	71.27
739	transparent	309	88.65	71.31
740	william	309	88.53	71.35
741	69	308	88.41	71.29
742	çoğu	308	88.29	71.33
743	2018.	308	88.18	71.37
744	1980	308	88.06	71.41
745	otomobil	308	87.94	71.45
746	kb	307	87.82	71.39
747	ledger	307	87.70	71.43
748	görev	306	87.59	71.38
749	85	306	87.47	71.42
750	dil	305	87.35	71.36
751	orhan	305	87.24	71.40
752	bölüm	305	87.12	71.44
753	bölümü	304	87.01	71.38
754	kendisine	303	86.89	71.32
755	mehmet	302	86.77	71.27
756	ta	302	86.66	71.30
757	iii	302	86.55	71.34
758	verildi	301	86.43	71.29
759	paul	301	86.32	71.32
760	bas	301	86.20	71.36
761	ev	300	86.09	71.30
762	64	300	85.98	71.34
763	refbegin-columns	300	85.86	71.38
764	İslam	299	85.75	71.32
765	ahmet	299	85.64	71.36
766	verdiği	298	85.53	71.30
767	that	298	85.42	71.34
768	1987	297	85.31	71.28
769	77	296	85.19	71.22
770	white-space	296	85.08	71.26
771	nowrap	296	84.97	71.29
772	geçti	295	84.86	71.23
773	yayımlanan	294	84.75	71.17
774	dd	294	84.64	71.21
775	ölü	294	84.54	71.25
776	video	293	84.43	71.19
777	68	293	84.32	71.22
778	amerikan	292	84.21	71.16
779	pek	292	84.10	71.20
780	solid	292	83.99	71.24
781	km	292	83.89	71.27
782	gemi	292	83.78	71.31
783	afrika	291	83.67	71.25
784	nasıl	290	83.56	71.18
785	richard	290	83.46	71.22
786	bunu	289	83.35	71.16
787	attı	289	83.25	71.20
788	edilir	288	83.14	71.13
789	1982	288	83.04	71.17
790	galata	288	82.93	71.20
791	evrim	288	82.83	71.24
792	1914	288	82.72	71.28
793	avustralya	287	82.62	71.21
794	79	287	82.51	71.25
795	flex	287	82.41	71.29
796	filmi	287	82.31	71.32
797	grubu	286	82.20	71.26
798	border-bottom	286	82.10	71.29
799	mücadele	285	82.00	71.23
800	19.	285	81.89	71.27
801	erken	285	81.79	71.30
802	evolution	285	81.69	71.34
803	final	284	81.59	71.27
804	1983	284	81.49	71.31
805	bilimsel	283	81.38	71.24
806	takımı	282	81.28	71.18
807	73	282	81.18	71.21
808	gösteren	282	81.08	71.25
809	as	282	80.98	71.28
810	başına	281	80.88	71.22
811	1986	281	80.78	71.25
812	antik	280	80.68	71.18
813	ki	280	80.58	71.22
814	man	279	80.49	71.15
815	bunların	279	80.39	71.19
816	tespit	279	80.29	71.22
817	girdi	279	80.19	71.26
818	britanya	278	80.09	71.19
819	72	278	79.99	71.23
820	2007.	278	79.90	71.26
821	white	277	79.80	71.19
822	genetik	276	79.70	71.12
823	78	276	79.60	71.16
824	cm	276	79.51	71.19
825	yüzyılın	275	79.41	71.12
826	ederek	275	79.32	71.16
827	bütün	275	79.22	71.19
828	başarılı	275	79.12	71.23
829	time	275	79.03	71.26
830	bölge	275	78.93	71.30
831	adam	274	78.84	71.23
832	71	274	78.74	71.26
833	adına	273	78.65	71.19
834	klasik	273	78.55	71.23
835	giriş	273	78.46	71.26
836	1960	273	78.37	71.29
837	dark	273	78.27	71.33
838	değildir	271	78.18	71.15
839	us	271	78.09	71.19
840	yaygın	270	77.99	71.11
841	haber	270	77.90	71.15
842	2015.	270	77.81	71.18
843	bey	270	77.72	71.22
844	web	270	77.62	71.25
845	söz	269	77.53	71.18
846	albümü	269	77.44	71.21
847	124	269	77.35	71.25
848	tamamen	268	77.26	71.17
849	türkçe	268	77.17	71.21
850	76	267	77.08	71.13
851	türkiye'nin	267	76.99	71.17
852	81	267	76.90	71.20
853	asya	267	76.81	71.23
854	güvenlik	266	76.72	71.16
855	4.	266	76.63	71.19
856	kontrolü	266	76.54	71.23
857	paris	266	76.45	71.26
858	çalışmaları	265	76.36	71.19
859	durumu	265	76.27	71.22
860	şey	265	76.18	71.25
861	araştırma	264	76.09	71.18
862	2011.	264	76.00	71.21
863	yüzyıl	263	75.92	71.13
864	89	263	75.83	71.17
865	olabilir	263	75.74	71.20
866	organik	263	75.65	71.23
867	international	263	75.56	71.27
868	sovyetler	263	75.48	71.30
869	heath	263	75.39	71.33
870	arap	262	75.30	71.26
871	74	261	75.22	71.18
872	society	261	75.13	71.21
873	bulunmaktadır	261	75.05	71.25
874	ı	261	74.96	71.28
875	daily	261	74.87	71.31
876	kullanıldı	260	74.79	71.24
877	van	260	74.70	71.27
878	notheme	260	74.62	71.30
879	serbest	260	74.53	71.33
880	84	259	74.45	71.26
881	87	259	74.36	71.29
882	balkan	259	74.28	71.32
883	hakemler	259	74.20	71.35
884	displaystyle	258	74.11	71.27
885	pop	258	74.03	71.31
886	Ödülleri	258	73.94	71.34
887	ayında	258	73.86	71.37
888	national	257	73.78	71.29
889	simpsons	257	73.69	71.32
890	yönelik	256	73.61	71.25
891	sık	256	73.53	71.28
892	beri	256	73.45	71.31
893	bağlantı	256	73.36	71.34
894	yerel	256	73.28	71.37
895	jk	256	73.20	71.41
896	mount	256	73.12	71.44
897	kuvvetleri	255	73.04	71.36
898	üzerinden	255	72.96	71.39
899	ona	255	72.88	71.42
900	george	255	72.79	71.45
901	muharebe	254	72.71	71.37
902	peter	254	72.63	71.40
903	last	254	72.55	71.44
904	blade	254	72.47	71.47
905	başlayan	253	72.39	71.39
906	yazdı	253	72.31	71.42
907	dışı	253	72.23	71.45
908	karşısında	253	72.15	71.48
909	başında	252	72.07	71.40
910	500	252	71.99	71.43
911	96	252	71.92	71.46
912	city	252	71.84	71.49
913	sayıda	252	71.76	71.52
914	american	252	71.68	71.56
915	it	252	71.60	71.59
916	ilan	251	71.52	71.50
917	düşük	251	71.44	71.54
918	kontrol	251	71.37	71.57
919	bakanlığı	251	71.29	71.60
920	smith	251	71.21	71.63
921	sezonu	251	71.13	71.66
922	−	250	71.06	71.58
923	beraber	250	70.98	71.61
924	hükûmeti	250	70.90	71.64
925	block	250	70.83	71.67
926	atom	250	70.75	71.70
927	hücre	250	70.67	71.73
928	İngiltere	250	70.60	71.76
929	refbegin-hanging-indents	250	70.52	71.79
930	açıkladı	249	70.45	71.71
931	1985	249	70.37	71.74
932	seyirci	249	70.29	71.77
933	güçlü	249	70.22	71.80
934	sahibi	248	70.14	71.72
935	attığı	248	70.07	71.75
936	arka	248	69.99	71.78
937	diye	248	69.92	71.81
938	gezegen	248	69.85	71.84
939	le	248	69.77	71.87
940	akciğer	247	69.70	71.78
941	2006.	247	69.62	71.81
942	inline-block	247	69.55	71.84
943	olmasına	246	69.47	71.76
944	20.	246	69.40	71.79
945	yabancı	246	69.33	71.82
946	yeşil	246	69.25	71.85
947	mark	246	69.18	71.88
948	augustus	246	69.11	71.91
949	akhisar	246	69.04	71.94
950	İtalya	245	68.96	71.85
951	82	245	68.89	71.88
952	bile	245	68.82	71.91
953	nature	245	68.75	71.94
954	ayrı	244	68.67	71.85
955	siyah	244	68.60	71.88
956	doğan	244	68.53	71.91
957	kemal	244	68.46	71.94
958	artık	244	68.39	71.97
959	şu	243	68.32	71.89
960	teorisi	243	68.24	71.92
961	mehmed	243	68.17	71.95
962	olur	243	68.10	71.97
963	forma	243	68.03	72.00
964	elektron	243	67.96	72.03
965	megadeth	243	67.89	72.06
966	Özel	242	67.82	71.97
967	fa	241	67.75	71.89
968	takımın	241	67.68	71.92
969	düzenlenen	240	67.61	71.83
970	mimari	240	67.54	71.86
971	biyolojisi	240	67.47	71.89
972	matematiksel	240	67.40	71.92
973	net	240	67.33	71.94
974	veren	239	67.26	71.86
975	ülke	238	67.19	71.77
976	ten	238	67.13	71.80
977	95	238	67.06	71.82
978	text-decoration	238	66.99	71.85
979	anlamına	238	66.92	71.88
980	üzerindeki	237	66.85	71.79
981	etmiştir	237	66.78	71.82
982	parçası	237	66.72	71.85
983	suriye	237	66.65	71.88
984	navbar-collapse	237	66.58	71.91
985	navbar-boxtext	237	66.51	71.94
986	navbar-mini	237	66.45	71.96
987	abbr	237	66.38	71.99
988	font-variant	237	66.31	72.02
989	small-caps	237	66.24	72.05
990	cursor	237	66.18	72.08
991	navbar-ct-full	237	66.11	72.11
992	navbar-ct-mini	237	66.04	72.13
993	navbox	237	65.98	72.16
994	navbox-title	237	65.91	72.19
995	mevcut	237	65.84	72.22
996	ben	237	65.78	72.25
997	cambridge	237	65.71	72.27
998	anayasa	236	65.65	72.18
999	geleneksel	236	65.58	72.21
1000	şarkı	236	65.51	72.24
